0.521040429254 0.194655145324 0.195837999977 0.197342703152 0.0 
0.0 0.283671545293 0.0 0.0 0.0 
0.431600723907 0.0489185773892 0.0 0.0 0.0 
0.00562041054751 0.0 0.0 0.0 0.0 
0.546470446009 0.443049526683 0.429992975915 0.326088692415 0.0 
0.0 0.0 0.0 0.0 0.0 
0.692797342502 0.0 0.233226749402 0.0 0.0 
0.0 0.0 0.0 0.0 -0.999877929688 
0.389465113182 0.699807527074 0.0 0.0 0.0 
0.0 0.797214926576 0.0 0.339730362742 0.0 
0.315036634279 0.897813104211 0.575962525982 0.528015715469 0.0 
0.0 0.0 0.0 0.0 1.0 
