0.0 0.0 0.0 0.0
41.526291264 0.0463942845289 1.55883392031 0.0
7.14718888699 0.542303827204 2.3085133249 0.0
0.0 0.0 0.0 0.0
0.148864832173 1.14141668759 1.42306825599 0.0
1.4789880684 1.24452684909 1.31806061267 0.724015522663
0.0 0.0 0.0 0.0
0.0 0.0 0.0 0.0
0.0 0.0 0.0 0.0
0.0 0.0 0.0 0.0
0.0 0.0 1.31653308274 0.792583122152
0.0 0.0 0.0 0.0
0.0 0.0 0.0 0.0
0.0 1.33965850197 0.567729815013 68.9173281136
2.52361115373 2.18411253063 41.6715636742 109.986350264
2.99153948811 2.98297902109 6.49874050131 13.8121950393
0.0 0.0 0.0 0.0
0.0 0.0 0.0 0.0
0.0 0.0 0.0 0.0
0.0 0.0 0.0 0.0
0.0774821507912 0.108460287208 0.291389851324 0.0
0.0 0.0 0.0 0.0
0.0 0.0 0.0 0.0
0.109879136182 0.0 0.429293044073 0.0444673160241
0.0 0.0 0.0 0.0
0.0 0.0 0.0 0.0
0.0 0.0 0.0 0.0
0.0 0.227921009633 0.737937717684 0.0481063317417
0.0 0.0 0.0 0.0
0.0 0.0 0.0 0.0
0.0 0.0 0.0 0.0
0.0 0.0 0.0908476875733 0.383599478748
7.34990565736 0.346314318343 0.0 0.666539247846
0.878084114176 0.943280627183 0.811655948291 0.983522549301
0.447062832829 0.467006242267 2.30614405311 0.63375462855
5.93334634645 0.523283888692 0.282190324777 0.380478580238
82.3674290083 48.9716435686 23.8430033334 10.9502438886
18.4200530766 119.449193074 54.047128828 30.8970678339
7.34335190239 3.83820006439 65.961750583 42.831621707
16.7042530714 14.2096517113 70.3645927153 102.913669186 
