200.0 0.0 0.0 0.0 
0.0 200.0 0.0 0.0 
0.0 0.0 200.0 0.0 
0.0 0.0 0.0 200.0 
200.0 0.0 0.0 0.0 
0.0 200.0 0.0 0.0 
0.0 0.0 200.0 0.0 
0.0 0.0 0.0 200.0 
200.0 0.0 0.0 0.0 
0.0 200.0 0.0 0.0 
0.0 0.0 200.0 0.0 
0.0 0.0 0.0 200.0 
200.0 0.0 0.0 0.0 
0.0 200.0 0.0 0.0 
0.0 0.0 200.0 0.0 
0.0 0.0 0.0 200.0 
200.0 10.0 0.0 0.0 
0.0 200.0 0.0 0.0 
0.0 0.0 200.0 0.0 
10.0 0.0 28.525 200.0 
200.0 0.0 0.0 0.0 
200.0 0.0 0.0 0.0 
200.0 0.0 0.0 0.0 
200.0 0.0 0.0 0.0 
0.0 200.0 0.0 0.0 
0.0 200.0 0.0 0.0 
0.0 200.0 0.0 0.0 
0.0 200.0 0.0 0.0 
0.0 0.0 200.0 0.0 
0.0 0.0 200.0 0.0 
0.0 0.0 200.0 0.0 
0.0 0.0 200.0 0.0 
0.0 0.0 0.0 200.0 
0.0 0.0 0.0 200.0 
0.0 0.0 0.0 204.75 
0.0 0.0 0.0 200.0 
0.0 0.0 0.0 0.0 
0.0 0.0 0.0 0.0 
0.0 0.0 0.0 0.0 
0.0 0.0 0.0 0.0 
