0.0404984251586 0.0 0.0 0.0816617740926
43.0477859264 0.0463942845289 1.55883392031 0.0
7.14718888699 0.542303827204 2.3085133249 0.0
7.55019001689 0.0 0.00694240146205 0.911829975016
0.163040180869 0.892174166159 1.28329118626 0.0376462581201
0.344632735351 0.334099294423 0.350946502519 0.330607688545
0.0 0.0 0.0601565056675 0.0
0.0 0.0289083907285 0.0044426951691 0.053756387989
0.198140489158 0.117078417672 0.132047745233 0.229059801347
0.0 0.0 0.212881045253 0.0
0.270571537873 0.201901669477 0.267516383634 0.234257238163
0.045084822868 0.0903668181591 1.05661898754 0.230956476072
0.0227690920958 0.0 0.0 5.40917194428
0.0 1.33965850197 0.567729815013 68.9173281136
2.52361115373 2.18411253063 41.6715636742 106.708650262
0.27761504349 0.281860405097 0.275885649379 0.580349956393
0.0 0.0 0.0 0.0
0.0 0.0 0.0 0.0
0.0 0.0 0.0 0.0
0.0 0.0 0.0 0.0
0.0704770138186 0.108460287208 0.291389851324 0.00218168408694
0.0 0.0 0.0 0.0
0.0 0.0 0.0 0.0
0.109879136182 0.0 0.429293044073 0.0444673160241
0.0 0.00587937633566 0.452725003569 0.00129422865022
0.0 0.0 0.0 0.0
0.0 0.109381811308 0.0 0.0
0.0 0.226770075232 0.97292571254 11.3000711149
0.0273659365915 0.00356003483716 0.138754731433 0.0
0.0 3.94750373778 0.00523369541024 0.0
0.00129422865022 0.0855215497811 0.016432911965 0.00226791113248
0.208867365906 0.00121384529786 0.227266762827 0.341269218534
7.04677911117 0.452399349627 0.0 0.666539247846
0.878084114176 0.943280627183 0.811655948291 0.983522549301
0.447062832829 0.467006242267 2.28024406725 0.876557612293
5.83898088873 0.511495124411 1.52793913681 3.46479580568
77.5627222044 49.5882074071 26.0331908901 11.8037429989
18.4200530766 117.662815216 55.070952718 31.3597300205
8.26733170448 5.79479936914 66.7052599928 43.3833568873
17.9947809718 15.5697240033 70.3645927153 97.0070403663 
