299.151571839 140.861824861 38.2258083381 24.0037217873 
224.741604945 88.2162730989 6.92646189394 5.42071817462 
301.167584834 79.2339122032 111.309676096 57.7431705618 
220.905291434 28.6639143151 10.3933292632 27.739710647 
116.530489181 247.558821202 10.9329940568 21.2635378031 
87.7611870572 306.724126554 40.1930516294 75.389652222 
52.3997488136 311.67741643 95.7996204909 39.9782271975 
23.1475599554 282.472026549 37.2881664926 84.599757677 
32.6936653415 7.64478248681 221.598318794 12.1478175802 
6.5855041105 99.2459092435 210.9672333 23.2132256006 
106.535044391 110.605010542 304.897310123 177.014115339 
7.92557112638 9.57450283223 235.595362955 98.3120893671 
50.6044358268 33.057353073 19.3266054564 291.831217091 
7.40245245059 22.3000307645 10.2565028602 253.640287979 
28.022501645 47.1713272805 140.256875749 245.769648236 
61.6609747855 63.7300329255 144.340111817 320.078386582 
0.0 0.0 0.0 0.0 
0.0 0.0 0.0 0.0 
0.0 0.0 0.0 0.0 
0.0 0.0 0.0 0.0 
72.975748096 1.60716456476 1.26925774827 3.06507793198 
226.277910969 51.8824539407 15.2858086624 0.378085664972 
232.152505798 3.66702696246 40.893915433 0.434862614136 
222.076280029 0.113906314009 5.00937077707 52.3635776336 
19.441989741 244.535786788 0.130737482152 0.434499518591 
10.3737936696 199.533123708 4.54208052504 36.0115160205 
9.18865708096 238.794043779 33.7501961494 0.249184232316 
0.721117988137 222.246937801 0.0645495040806 62.2219079204 
46.1001472048 0.294310792752 227.009708841 0.0936985954269 
0.166391026607 28.0678130795 234.363954993 10.102065556 
9.36091686348 7.45237846125 123.808429189 11.5872623556 
0.374232288052 1.47474961919 230.58256925 36.0609769618 
12.0419969529 0.0577557539843 5.17898631335 240.696351781 
24.9552556534 27.300872 1.63591195175 230.315670272 
2.88215657054 1.20428764801 51.0524556125 230.938968895 
5.11355870059 6.98004785494 15.1640201521 230.108970868 
130.91404704 83.8190862765 66.9056485647 48.4015170505 
77.6452803709 126.441249001 58.2116940201 69.3901360894 
38.333804256 42.3531765214 156.34541071 100.619927018 
42.5017096646 54.1573278501 92.2505717874 149.743399166 
